0

18
77 3 3
141 35 2
205 3 3
269 36 2
333 3 3
397 3 3
460 3 1
524 3 3
588 3 3 
652 3 3
717 3 3
845 3 3
910 3 3
972 3 3
1036 3 3
1100 3 3
1165 3 3
1228 3 3

17
0 0 32 174 
33 33 63 46
32 65 287 78
289 33 319 46
321 66 799 79
737 81 783 174
833 97 863 110
865 66 926 78
896 81 926 175
960 65 1055 79
993 81 1038 174
1056 98 1088 110
1089 130 1150 142
1120 81 1151 127
1136 65 1214 78
1216 97 1247 110
1248 2 1279 175

2
0 1142 178 1142 178 1212 95 1232 95
0 41 32 41 32 68 -5 88 -5

0

1
760 16 1

3
1100 97 1088 1111
880 30 864 910
270 30 65 279

1
1066 9

1
799 65 864

0

0

1
1120 65 3 14

0