0

44
28 131 4
92 99 3
156 131 3
220 99 3
284 131 3
348 99 3
412 131 3
476 99 3
540 131 3
604 99 3
667 35 3
731 131 5
795 3 6
859 35 2
923 131 5
987 35 3
1051 131 3
1115 131 3
1176 131 3
1243 131 3
1307 131 3
1371 99 3
1435 35 3
1499 3 7
1564 132 3
1628 36 3
1692 19 3
1756 99 3
1836 19 3
1885 132 3 
1948 3 3
2012 35 3
2075 99 2
2140 35 3
2204 67 3
2267 35 9
2332 132 3
2395 99 10
2459 132 3
2523 132 3
2587 99 2
2651 132 3
2715 15 3
2780 100 2

19
0 160 2816 175
680 96 735 111
744 64 920 79
928 96 1007 111
1384 64 1663 79
1528 0 1543 15
1528 80 1543 160
1664 96 1728 112
1792 80 1856 127
1808 127 1856 160
1856 80 1888 96
1888 96 1952 112
1952 64 2167 80
2016 0 2048 16
2040 80 2048 160
2176 96 2359 112
2720 128 2736 143
2770 96 2816 112
2808 0 2816 160

11
0  614 159 614 159  668 95 688 95
0  710 95 710 95  732 63 752 63
1  953 95 953 95  911 63 931 63
0  1286 159 1286 159  1372 63 1392 63
1 1624 200 1624 200   1583 159 1603 159 
1 1954 200 1954 200   1903 159 1923 159
1 1785 159 1785 159  1711 95 1731 95
1 2010 160 2010 160  1935 95 1955 95
1 2201 95 2201 95  2159 63 2179 63
1 2426 160 2426 160  2351 95 2371 95
0 2724 128 2724 128  2746 96 2766 96

3
687 79
879 47
943 79

2
1520 16 -1
2032 16 -1

0

0

0

0

0

4
1008 96 0 4
1792 128 1 -1
1792 144 2 11
2736 128 0 14
0