0

22
1483 3 3
1419 159 5
1355 3 3
1291 3 8
1227 91 3
1163 3 3
109 91 3
1036 3 3
972 91 3
908 3 3
844 99 5
652 99 3
588 99 3
524 99 3
160 99 6
397 99 4
460 99 6
333 99 3
269 99 3
205 92 3
141 92 3
77 68 2

23
1504 0 1536 176
1408 65 1504 78
1376 32 1391 47
1344 98 1375 111
1248 66 1342 79
1185 129 1503 142
1120 65 1150 79
1088 129 1151 143
992 130 1055 142
928 145 959 158
832 66 1023 78
864 145 894 159
720 96 830 110
673 113 799 176
736 0 800 47
480 161 672 176
480 145 512 159
256 34 736 47
32 129 511 143
0 0 31 176
144 112 159 127
193 82 223 95 
225 65 255 79
 
3
0 826 177 826 177 846 144 866 144
0 151 112 151 112 174 79 194 79
0 647 32 647 32 670 0 690 0

0

1
767 48 1

3
1420 20 1408 1468
1250 20 1250 1330
1190 95 1184 1305

1
139 33

2
1152 65 1247
1024 65 1119

2
239 33
304 0

3
352 54 0
415 54 1
479 54 0

3
1392 32 3 11
128 112 3 14
704 96 3 11

2
346 129
473 33