28
2
60001 32 0 48 32 
60002 48 0 64 32 
2
60011 0 0 16 32 
60012 16 0 32 32 
4
60101 64 33 80 55 
60102 80 33 96 55 
60103 96 33 112 55 
60104 112 33 128 55 
4
60111 0 33 16 55 
60112 16 33 32 55 
60113 32 33 48 55 
60114 48 33 64 55 
1
60201 0 55 32 71 
1
60211 32 71 64 87 
1
60221 0 71 32 87 
2
60231 64 87 96 104 
60232 96 87 128 104 
2
60241 0 87 32 104 
60242 32 87 64 104 
1
60301 32 104 48 136 
1
60311 0 104 16 136
2
60301 32 104 48 136
60302 48 104 64 136 
2
60311 0 104 16 136 
60312 16 104 32 136 
1
60321 16 137 32 169 
1
60331 0 137 16 169 
1
60401 8 170 15 176 
1
60411 0 170 7 176 
3
60501 53 177 70 210 
60502 70 177 87 210 
60503 87 177 104 210 
3
60511 1 177 18 210 
60512 18 177 35 210 
60513 35 177 52 210 
1
60621 0 272 12 286 
4
60601 64 248 80 270 
60602 80 248 96 270 
60603 96 248 112 270 
60604 112 248 128 270 
4
60611 0 248 15 270 
60612 16 248 31 270 
60613 32 248 47 270 
60614 48 248 63 270
2
60701 33 302 49 318 
60702 50 302 66 318 
2
60711 0 302 16 318 
60712 16 302 32 318 
1
60801 16 215 31 246 
1
60811 0 215 15 246 
2
60911 68 221 84 237 
60912 84 221 100 237 
2
60901 36 221 52 237 
60902 52 221 68 237 
