37

1
10001 64 0 80 31
1
10011 0 0 16 31

4
10021 64 0 80 31
10022 80 0 96 31
10023 96 0 112 31
10024 112 0 128 31
4
10031 0 0 16 31
10032 16 0 32 31
10033 32 0 48 31
10034 48 0 64 31

1
10041 16 31 32 62
1
10051 0 31 16 62

1
10061 16 31 32 62
1
10071 0 31 16 62 

3
10081 90 62 120 93 
10082 120 62 150 93
10083 150 62 180 93
3
10091 0 62 30 93 
10092 30 62 60 93 
10093 60 62 90 93 

3
10101 90 93 120 124 
10102 120 93 150 124
10103 150 93 180 124
3
10111 0 93 30 124 
10112 30 93 60 124 
10113 60 93 90 124 

3
10121 90 62 120 93 
10122 120 62 150 93
10123 150 62 180 93
3
10131 0 62 30 93 
10132 30 62 60 93 
10133 60 62 90 93 

3
10141 90 93 120 124 
10142 120 93 150 124
10143 150 93 180 124
3
10151 0 93 30 124 
10152 30 93 60 124 
10153 60 93 90 124 

1
10161 32 124 48 155
1
10171 0 124 16 155 

1
10181 32 155 48 186
1
10191 0 155 16 186 

2
10201 32 124 48 155
10202 48 124 64 155
2
10211 0 124 16 155 
10212 16 124 32 155

2
10221 32 155 48 186
10222 48 155 64 186
2
10231 0 155 16 186 
10232 16 155 32 186

3
10241 90 186 120 217 
10242 120 186 150 217
10243 150 186 180 217
3
10251 0 186 30 217 
10252 30 186 60 217 
10253 60 186 90 217 

3
10261 90 217 120 248 
10262 120 217 150 248
10263 150 217 180 248
3
10271 0 217 30 248 
10272 30 217 60 248 
10273 60 217 90 248 

3
10281 90 186 120 217 
10282 120 186 150 217
10283 150 186 180 217
3
10291 0 186 30 217 
10292 30 186 60 217 
10293 60 186 90 217 

3
10301 90 217 120 248 
10302 120 217 150 248
10303 150 217 180 248
3
10311 0 217 30 248 
10312 30 217 60 248 
10313 60 217 90 248 

1
10321 0 248 16 279 
1
10331 16 248 32 279

1
10341 32 279 64 310
1
10351 0 279 32 310 

1
10361 0 310 16 342